SHAPE I:
         0 ----> 1 ----> 2 ----> 3 ----> 0
Block 0 : (+2,-1) (+1,+2) (-2,+1) (-1,-2)
Block 1 : (+1, 0) ( 0,+1) (-1, 0) ( 0,-1)
Block 2 : ( 0,+1) (-1, 0) ( 0,-1) (+1, 0)
Block 3 : (-1,+2) (-2,-1) (+1,-2) (+2,+1)


SHAPE J:
         0 ----> 1 ----> 2 ----> 3 ----> 0
Block 0 : (+2, 0) ( 0,+2) (-2, 0) ( 0,-2)
Block 1 : (+1,-1) (+1,+1) (-1,+1) (-1,-1)
Block 2 : ( 0, 0) ( 0, 0) ( 0, 0) ( 0, 0)
Block 3 : (-1,+1) (-1,-1) (+1,-1) (+1,+1)


SHAPE L:
         0 ----> 1 ----> 2 ----> 3 ----> 0
Block 0 : (+1,-1) (+1,+1) (-1,+1) (-1,-1)
Block 1 : ( 0, 0) ( 0, 0) ( 0, 0) ( 0, 0)
Block 2 : (-1,+1) (-1,-1) (-1,+1) (+1,+1)
Block 3 : ( 0,+2) (-2, 0) ( 0,-2) (+2, 0)

SHAPE S:
         0 ----> 1 ----> 2 ----> 3 ----> 0
Block 0 : (+1,-1) (+1,+1) (-1,+1) (-1,-1)
Block 1 : ( 0, 0) ( 0, 0) ( 0, 0) ( 0, 0)
Block 2 : (+1,+1) (-1,+1) (-1,-1) (+1,-1)
Block 3 : ( 0,+2) (-2, 0) ( 0,-2) (+2, 0)

SHAPE T:
         0 ----> 1 ----> 2 ----> 3 ----> 0
Block 0 : (+1,-1) (+1,+1) (-1,+1) (-1,-1)
Block 1 : ( 0, 0) ( 0, 0) ( 0, 0) ( 0, 0)
Block 2 : (+1,+1) (-1,+1) (-1,-1) (+1,-1)
Block 3 : (-1,+1) (-1,-1) (+1,-1) (+1,+1)

SHAPE Z:
         0 ----> 1 ----> 2 ----> 3 ----> 0
Block 0 : (+2, 0) ( 0,+2) (-2, 0) ( 0,-2)
Block 1 : (+1,+1) (-1,+1) (-1,-1) (+1,-1)
Block 2 : ( 0, 0) ( 0, 0) ( 0, 0) ( 0, 0)
Block 3 : (-1,+1) (-1,-1) (+1,-1) (+1,+1)











